1.480000019073486328e-01
1.490000039339065552e-01
1.490000039339065552e-01
1.490000039339065552e-01
1.500000059604644775e-01
1.500000059604644775e-01
1.500000059604644775e-01
1.500000059604644775e-01
1.509999930858612061e-01
1.519999951124191284e-01
1.529999971389770508e-01
1.539999991655349731e-01
1.550000011920928955e-01
1.570000052452087402e-01
0.000000000000000000e+00
0.000000000000000000e+00
0.000000000000000000e+00
0.000000000000000000e+00
0.000000000000000000e+00
0.000000000000000000e+00
0.000000000000000000e+00
0.000000000000000000e+00
0.000000000000000000e+00
0.000000000000000000e+00
0.000000000000000000e+00
0.000000000000000000e+00
0.000000000000000000e+00
0.000000000000000000e+00
0.000000000000000000e+00
0.000000000000000000e+00
0.000000000000000000e+00
0.000000000000000000e+00
0.000000000000000000e+00
0.000000000000000000e+00
0.000000000000000000e+00
0.000000000000000000e+00
0.000000000000000000e+00
0.000000000000000000e+00
0.000000000000000000e+00
0.000000000000000000e+00
0.000000000000000000e+00
0.000000000000000000e+00
0.000000000000000000e+00
4.165999889373779297e+00
0.000000000000000000e+00
0.000000000000000000e+00
3.256000041961669922e+00
3.025000095367431641e+00
2.934000015258789062e+00
2.891999959945678711e+00
2.898000001907348633e+00
0.000000000000000000e+00
0.000000000000000000e+00
0.000000000000000000e+00
0.000000000000000000e+00
0.000000000000000000e+00
0.000000000000000000e+00
0.000000000000000000e+00
0.000000000000000000e+00
0.000000000000000000e+00
0.000000000000000000e+00
0.000000000000000000e+00
0.000000000000000000e+00
0.000000000000000000e+00
0.000000000000000000e+00
1.662999987602233887e+00
1.652999997138977051e+00
0.000000000000000000e+00
0.000000000000000000e+00
0.000000000000000000e+00
0.000000000000000000e+00
0.000000000000000000e+00
0.000000000000000000e+00
0.000000000000000000e+00
0.000000000000000000e+00
0.000000000000000000e+00
0.000000000000000000e+00
0.000000000000000000e+00
2.720000147819519043e-01
2.720000147819519043e-01
2.770000100135803223e-01
2.739999890327453613e-01
2.709999978542327881e-01
2.689999938011169434e-01
2.669999897480010986e-01
2.660000026226043701e-01
2.660000026226043701e-01
2.649999856948852539e-01
2.639999985694885254e-01
2.619999945163726807e-01
2.630000114440917969e-01
2.669999897480010986e-01
2.720000147819519043e-01
2.730000019073486328e-01
2.739999890327453613e-01
2.739999890327453613e-01
2.759999930858612061e-01
2.800000011920928955e-01
2.840000092983245850e-01
2.860000133514404297e-01
2.910000085830688477e-01
3.030000030994415283e-01
3.160000145435333252e-01
3.219999969005584717e-01
3.289999961853027344e-01
3.350000083446502686e-01
3.389999866485595703e-01
3.409999907016754150e-01
3.409999907016754150e-01
3.490000069141387939e-01
3.569999933242797852e-01
3.600000143051147461e-01
3.650000095367431641e-01
3.689999878406524658e-01
3.740000128746032715e-01
3.829999864101409912e-01
3.869999945163726807e-01
3.910000026226043701e-01
3.989999890327453613e-01
4.070000052452087402e-01
4.219999909400939941e-01
4.309999942779541016e-01
4.329999983310699463e-01
4.510000050067901611e-01
4.620000123977661133e-01
4.699999988079071045e-01
4.709999859333038330e-01
4.720000028610229492e-01
4.810000061988830566e-01
4.900000095367431641e-01
4.950000047683715820e-01
5.019999742507934570e-01
5.090000033378601074e-01
5.159999728202819824e-01
5.339999794960021973e-01
1.118999958038330078e+00
1.044000029563903809e+00
1.036999940872192383e+00
1.032999992370605469e+00
1.029999971389770508e+00
1.023000001907348633e+00
1.019000053405761719e+00
1.001999974250793457e+00
1.009999990463256836e+00
1.027999997138977051e+00
1.049999952316284180e+00
2.002000093460083008e+00
1.986999988555908203e+00
1.980000019073486328e+00
1.952000021934509277e+00
1.950000047683715820e+00
1.927999973297119141e+00
1.932000041007995605e+00
1.914000034332275391e+00
1.904000043869018555e+00
1.886999964714050293e+00
1.860000014305114746e+00
0.000000000000000000e+00
6.890000104904174805e-01
0.000000000000000000e+00
0.000000000000000000e+00
0.000000000000000000e+00
1.879999995231628418e+00
1.868999958038330078e+00
1.855999946594238281e+00
0.000000000000000000e+00
0.000000000000000000e+00
1.828999996185302734e+00
1.845000028610229492e+00
1.838000059127807617e+00
0.000000000000000000e+00
0.000000000000000000e+00
0.000000000000000000e+00
0.000000000000000000e+00
1.812999963760375977e+00
1.692999958992004395e+00
1.235000014305114746e+00
1.226999998092651367e+00
1.256000041961669922e+00
1.215999960899353027e+00
9.259999990463256836e-01
9.929999709129333496e-01
7.500000000000000000e-01
0.000000000000000000e+00
0.000000000000000000e+00
0.000000000000000000e+00
0.000000000000000000e+00
0.000000000000000000e+00
0.000000000000000000e+00
0.000000000000000000e+00
0.000000000000000000e+00
0.000000000000000000e+00
0.000000000000000000e+00
0.000000000000000000e+00
0.000000000000000000e+00
0.000000000000000000e+00
0.000000000000000000e+00
0.000000000000000000e+00
0.000000000000000000e+00
0.000000000000000000e+00
0.000000000000000000e+00
0.000000000000000000e+00
0.000000000000000000e+00
0.000000000000000000e+00
0.000000000000000000e+00
0.000000000000000000e+00
0.000000000000000000e+00
0.000000000000000000e+00
0.000000000000000000e+00
0.000000000000000000e+00
0.000000000000000000e+00
0.000000000000000000e+00
2.960000038146972656e-01
0.000000000000000000e+00
0.000000000000000000e+00
2.736000061035156250e+00
2.720999956130981445e+00
2.756000041961669922e+00
2.808000087738037109e+00
2.862999916076660156e+00
2.155999898910522461e+00
2.072999954223632812e+00
2.039999961853027344e+00
1.993000030517578125e+00
1.993999958038330078e+00
1.945999979972839355e+00
1.940000057220458984e+00
1.947000026702880859e+00
2.460000067949295044e-01
2.460000067949295044e-01
2.460000067949295044e-01
2.430000007152557373e-01
2.409999966621398926e-01
2.389999926090240479e-01
2.380000054836273193e-01
2.380000054836273193e-01
2.389999926090240479e-01
2.399999946355819702e-01
2.409999966621398926e-01
2.430000007152557373e-01
2.460000067949295044e-01
2.500000000000000000e-01
2.540000081062316895e-01
2.680000066757202148e-01
0.000000000000000000e+00
7.570000290870666504e-01
6.729999780654907227e-01
6.729999780654907227e-01
6.769999861717224121e-01
6.790000200271606445e-01
6.819999814033508301e-01
8.029999732971191406e-01
8.669999837875366211e-01
8.479999899864196777e-01
8.289999961853027344e-01
8.240000009536743164e-01
8.399999737739562988e-01
8.389999866485595703e-01
8.719999790191650391e-01
9.589999914169311523e-01
1.047000050544738770e+00
0.000000000000000000e+00
0.000000000000000000e+00
0.000000000000000000e+00
0.000000000000000000e+00
0.000000000000000000e+00
0.000000000000000000e+00
0.000000000000000000e+00
8.140000104904174805e-01
8.090000152587890625e-01
8.040000200271606445e-01
8.019999861717224121e-01
8.019999861717224121e-01
7.879999876022338867e-01
0.000000000000000000e+00
0.000000000000000000e+00
9.229999780654907227e-01
9.129999876022338867e-01
9.039999842643737793e-01
9.020000100135803223e-01
8.889999985694885254e-01
1.004999995231628418e+00
9.679999947547912598e-01
8.450000286102294922e-01
9.020000100135803223e-01
8.529999852180480957e-01
8.460000157356262207e-01
8.399999737739562988e-01
8.460000157356262207e-01
8.500000238418579102e-01
8.479999899864196777e-01
8.510000109672546387e-01
8.339999914169311523e-01
8.330000042915344238e-01
8.249999880790710449e-01
8.119999766349792480e-01
8.389999866485595703e-01
8.489999771118164062e-01
8.650000095367431641e-01
8.360000252723693848e-01
8.230000138282775879e-01
8.510000109672546387e-01
8.659999966621398926e-01
0.000000000000000000e+00
0.000000000000000000e+00
0.000000000000000000e+00
0.000000000000000000e+00
0.000000000000000000e+00
0.000000000000000000e+00
0.000000000000000000e+00
0.000000000000000000e+00
0.000000000000000000e+00
0.000000000000000000e+00
0.000000000000000000e+00
0.000000000000000000e+00
0.000000000000000000e+00
0.000000000000000000e+00
0.000000000000000000e+00
0.000000000000000000e+00
0.000000000000000000e+00
0.000000000000000000e+00
0.000000000000000000e+00
0.000000000000000000e+00
0.000000000000000000e+00
0.000000000000000000e+00
0.000000000000000000e+00
0.000000000000000000e+00
0.000000000000000000e+00
0.000000000000000000e+00
0.000000000000000000e+00
1.840000003576278687e-01
1.840000003576278687e-01
1.870000064373016357e-01
1.809999942779541016e-01
1.790000051259994507e-01
1.770000010728836060e-01
1.739999949932098389e-01
1.720000058412551880e-01
1.700000017881393433e-01
1.689999997615814209e-01
1.679999977350234985e-01
1.659999936819076538e-01
1.659999936819076538e-01
1.640000045299530029e-01
1.620000004768371582e-01
1.599999964237213135e-01
1.599999964237213135e-01
1.599999964237213135e-01
1.589999943971633911e-01
1.580000072717666626e-01
1.570000052452087402e-01
1.539999991655349731e-01
1.490000039339065552e-01
1.490000039339065552e-01
1.490000039339065552e-01
1.490000039339065552e-01
1.490000039339065552e-01
1.490000039339065552e-01
1.480000019073486328e-01
1.480000019073486328e-01
